51030810
51030820
50780231
50010000
50010010
50010020
50010025
50010030
50010040
50010050
50010060
50010070
50010080
50010090
50010100
50010110
50010120
50010130
50010140
50010150
50010160
50010170
50010180
50010230
50010240
50010290
50010300
50010310
50010320
50010340
50010360
50010370
50010380
50010390
50010400
50010410
50010420
50010430
50010440
50010450
50010460
50010470
50010480
50010500
50010520
50010900
50010902
50010903
50010904
50010905
50010906
50010907
50010908
50010911
50010912
50010913
50010914
50010917
50010918
50010919
50010921
50010922
50010923
50010924
50010925
50010927
50010928
50010929
50010930
50010931
50010932
50010933
50010935
50010936
50010937
50010938